0	0	0		0	0	0	0	0	0	0	0	0	0	0	0	0	0	0	0	0	0		0	0	0	0	0	0	0	0	0	0	0	0	0	0	0
0	0	0	0	0	0	0	0	0	0	0	0	0	0	0	0	0	0	0	0	0	0	0	0	0	0	0	0	0	0	0	0	0	0	0	0	0	0
0	0	0.1	0.1	0.1	0.1	0.1	0.1	0.1	0.1	0.1	0.1	0.1	0.1	0.1	0.1	0.1	0	0	0	0	0.1	0.1	0.1	0.1	0.1	0.1	0.1	0.1	0.1	0.1	0.1	0.1	0.1	0.1	0.1	0	0
0	0	0.1	0.2	0.3	0.4	0.5	0.6	0.7	0.8	0.9	1	1	1	1	1	0	0	0	0	0	0.1	0.2	0.3	0.4	0.5	0.6	0.7	0.8	0.9	1	1	1	1	1	0	0	0
0	0	0.1	0.3	0.3	0.35	0.43	0.51	0.61	0.7	0.8	0.9	0.95	0.98	1	1	0	0	0	0	0	0.1	0.3	0.3	0.35	0.43	0.51	0.61	0.7	0.8	0.9	0.95	0.98	1	1	0	0	0
0	0	0.1	0.4	0.35	0.48	0.56	0.63	0.69	0.76	0.82	0.89	0.94	0.96	0.99	1	0	0	0	0	0	0.1	0.4	0.35	0.48	0.56	0.63	0.69	0.76	0.82	0.89	0.94	0.96	0.99	1	0	0	0
0	0	0.1	0.5	0.43	0.56	0.65	0.71	0.76	0.81	0.85	0.9	0.93	0.96	0.98	1	0	0	0	0	0	0.1	0.5	0.43	0.56	0.65	0.71	0.76	0.81	0.85	0.9	0.93	0.96	0.98	1	0	0	0
0	0	0.1	0.6	0.51	0.63	0.71	0.77	0.81	0.85	0.88	0.91	0.94	0.96	0.97	1	0	0	0	0	0	0.1	0.6	0.51	0.63	0.71	0.77	0.81	0.85	0.88	0.91	0.94	0.96	0.97	1	0	0	0
0	0	0.1	0.7	0.61	0.69	0.76	0.81	0.85	0.88	0.9	0.93	0.95	0.96	0.97	1	0	0	0	0	0	0.1	0.7	0.61	0.69	0.76	0.81	0.85	0.88	0.9	0.93	0.95	0.96	0.97	1	0	0	0
0	0	0.1	0.8	0.7	0.76	0.81	0.85	0.88	0.9	0.92	0.94	0.95	0.97	0.98	1	0	0	0	0	0	0.1	0.8	0.7	0.76	0.81	0.85	0.88	0.9	0.92	0.94	0.95	0.97	0.98	1	0	0	0
0	0	0.1	0.9	0.8	0.82	0.85	0.88	0.9	0.92	0.94	0.95	0.96	0.97	0.98	1	0	0	0	0	0	0.1	0.9	0.8	0.82	0.85	0.88	0.9	0.92	0.94	0.95	0.96	0.97	0.98	1	0	0	0
0	0	0.1	1	0.9	0.89	0.9	0.91	0.93	0.94	0.95	0.96	0.97	0.98	0.98	1	0	0	0	0	0	0.1	1	0.9	0.89	0.9	0.91	0.93	0.94	0.95	0.96	0.97	0.98	0.98	1	0	0	0
0	0	0.1	1	0.95	0.94	0.93	0.94	0.95	0.95	0.96	0.97	0.98	0.98	0.99	1	0	0	0	0	0	0.1	1	0.95	0.94	0.93	0.94	0.95	0.95	0.96	0.97	0.98	0.98	0.99	1	0	0	0
0	0	0.1	1	0.98	0.96	0.96	0.96	0.96	0.97	0.97	0.98	0.98	0.98	0.99	1	0	0	0	0	0	0.1	1	0.98	0.96	0.96	0.96	0.96	0.97	0.97	0.98	0.98	0.98	0.99	1	0	0	0
0	0	0.1	1	1	0.99	0.98	0.97	0.97	0.98	0.98	0.98	0.99	0.99	0.99	1	0	0	0	0	0	0.1	1	1	0.99	0.98	0.97	0.97	0.98	0.98	0.98	0.99	0.99	0.99	1	0	0	0
0	0	0.1	1	1	1	1	1	1	1	1	1	1	1	1	1	0	0	0	0	0	0.1	1	1	1	1	1	1	1	1	1	1	1	1	1	0	0	0
0		0		0		0		0		0		0		0		0	0	0	0		0		0		0		0		0		0		0		0	0	0
0		0		0		0		0		0		0		0		0	0	0	0		0		0		0		0		0		0		0		0	0	0

0
0		0		
0		0		0		
0		0		0		0		
0		0		0		0		0		
0		0		0		0		0		0		
0		0		0		0		0		0		0		
0		0		0		0		0		0		0		0		
0		0		0		0		0		0		0		0		0		
0		0		0		0		0		0		0		0		0		0		
0		0		0		0		0		0		0		0		0		0		0
0		0		0		0		0		0		0		0		0		0		0		0
0		0		0		0		0		0		0		0		0		0		0		0		0		
0		0		0		0		0		0		0		0		0		0		0		0		0		0		
0		0		0		0		0		0		0		0		0		0		0		0		0		0		0		
0		0		0		0		0		0		0		0		0		0		0		0		0		0		0		0		
0		0		0		0		0		0		0		0		0		0		0		0		0		0		0		0		0		
0		0		0		0		0		0		0		0		0		0		0		0		0		0		0		0		.5
0		0		0		0		0		0		0		0		0		0		0		0		0		0		0		.5		1
0		0		0		0		0		0		0		0		0		0		0		0		0		0 		.5		1		1
0		0		0		0		0		0		0		0		0		0		0		0		0		.5		1		1		1
0		0		0		0		0		0		0		0		0		0		0		0		.5		1		1		1		1
0		0		0		0		0		0		0		0		0		0		0		.5		1		1		1		1		1
0		0		0		0		0		0		0		0		0		0		.5		1		1		1		1		1		1
0		0		0		0		0		0		0		0		0		.5		1		1		1		1		1		1		1
0		0		0		0		0		0		0		0		.5		1		1		1		1		1		1		1		1
0		0		0		0		0		0		0		.5		1		1		1		1		1		1		1		1		1
0		0		0		0		0		0		.5		1		1		1		1		1		1		1		1		1		1
0		0		0		0		0		.5		1		1		1		1		1		1		1		1		1		1		1
0		0		0		0		.5		1		1		1		1		1		1		1		1		1		1		1		1
0		0		0		.5		1		1		1		1		1		1		1		1		1		1		1		1		1
0		0		.5		1		1		1		1		1		1		1		1		1		1		1		1		1		1
0		.5		1		1		1		1		1		1		1		1		1		1		1		1		1		1		1
.5		1		1		1		1		1		1		1		1		1		1		1		1		1		1		1		1
1		1		1		1		1		1		1		1		1		1		1		1		1		1		1		1		1
1		1		1		1		1		1		1		1		1		1		1		1		1		1		1		1		
1		1		1		1		1		1		1		1		1		1		1		1		1		1		1		
1		1		1		1		1		1		1		1		1		1		1		1		1		1		
1		1		1		1		1		1		1		1		1		1		1		1		1		
1		1		1		1		1		1		1		1		1		1		1		1		
1		1		1		1		1		1		1		1		1		1		1		
1		1		1		1		1		1		1		1		1		1		
1		1		1		1		1		1		1		1		1		
1		1		1		1		1		1		1		1		
1		1		1		1		1		1		1		
1		1		1		1		1		1		
1		1		1		1		1		
1		1		1		1		
1		1		1		
1		1		
1
